Index	X	Left to Right	X	Right to Left	X	Sum
0	1899/12/30	0	1899/12/30	0	1899/12/30	0
1	1899/12/30 0:00:10	0	1899/12/30 0:00:10	0	1899/12/30 0:00:10	0
2	1899/12/30 0:00:20	0	1899/12/30 0:00:20	0	1899/12/30 0:00:20	0
3	1899/12/30 0:00:30	0	1899/12/30 0:00:30	0	1899/12/30 0:00:30	0
4	1899/12/30 0:00:40	0	1899/12/30 0:00:40	0	1899/12/30 0:00:40	0
5	1899/12/30 0:00:50	0	1899/12/30 0:00:50	0	1899/12/30 0:00:50	0
6	1899/12/30 0:01:00	0	1899/12/30 0:01:00	0	1899/12/30 0:01:00	0
7	1899/12/30 0:01:10	0	1899/12/30 0:01:10	0	1899/12/30 0:01:10	0
8	1899/12/30 0:01:20	0	1899/12/30 0:01:20	0	1899/12/30 0:01:20	0
9	1899/12/30 0:01:30	0	1899/12/30 0:01:30	0	1899/12/30 0:01:30	0
10	1899/12/30 0:01:40	0	1899/12/30 0:01:40	0	1899/12/30 0:01:40	0
11	1899/12/30 0:01:50	0	1899/12/30 0:01:50	0	1899/12/30 0:01:50	0
12	1899/12/30 0:02:00	0	1899/12/30 0:02:00	0	1899/12/30 0:02:00	0
13	1899/12/30 0:02:10	0	1899/12/30 0:02:10	0	1899/12/30 0:02:10	0
14	1899/12/30 0:02:20	0	1899/12/30 0:02:20	0	1899/12/30 0:02:20	0
15	1899/12/30 0:02:30	0	1899/12/30 0:02:30	0	1899/12/30 0:02:30	0
16	1899/12/30 0:02:40	0	1899/12/30 0:02:40	0	1899/12/30 0:02:40	0
17	1899/12/30 0:02:50	0	1899/12/30 0:02:50	0	1899/12/30 0:02:50	0
18	1899/12/30 0:03:00	0	1899/12/30 0:03:00	0	1899/12/30 0:03:00	0
19	1899/12/30 0:03:10	0	1899/12/30 0:03:10	0	1899/12/30 0:03:10	0
20	1899/12/30 0:03:20	0	1899/12/30 0:03:20	0	1899/12/30 0:03:20	0
21	1899/12/30 0:03:30	0	1899/12/30 0:03:30	0	1899/12/30 0:03:30	0
22	1899/12/30 0:03:40	0	1899/12/30 0:03:40	0	1899/12/30 0:03:40	0
23	1899/12/30 0:03:50	0	1899/12/30 0:03:50	0	1899/12/30 0:03:50	0
24	1899/12/30 0:04:00	0	1899/12/30 0:04:00	0	1899/12/30 0:04:00	0
25	1899/12/30 0:04:10	0	1899/12/30 0:04:10	0	1899/12/30 0:04:10	0
26	1899/12/30 0:04:20	0	1899/12/30 0:04:20	0	1899/12/30 0:04:20	0
27	1899/12/30 0:04:30	0	1899/12/30 0:04:30	0	1899/12/30 0:04:30	0
28	1899/12/30 0:04:40	0	1899/12/30 0:04:40	0	1899/12/30 0:04:40	0
29	1899/12/30 0:04:50	0	1899/12/30 0:04:50	0	1899/12/30 0:04:50	0
30	1899/12/30 0:05:00	0	1899/12/30 0:05:00	0	1899/12/30 0:05:00	0
31	1899/12/30 0:05:10	0	1899/12/30 0:05:10	0	1899/12/30 0:05:10	0
32	1899/12/30 0:05:20	2	1899/12/30 0:05:20	0	1899/12/30 0:05:20	2
33	1899/12/30 0:05:30	0	1899/12/30 0:05:30	0	1899/12/30 0:05:30	0
34	1899/12/30 0:05:40	0	1899/12/30 0:05:40	0	1899/12/30 0:05:40	0
35	1899/12/30 0:05:50	2	1899/12/30 0:05:50	0	1899/12/30 0:05:50	2
36	1899/12/30 0:06:00	1	1899/12/30 0:06:00	0	1899/12/30 0:06:00	1
37	1899/12/30 0:06:10	4	1899/12/30 0:06:10	0	1899/12/30 0:06:10	4
38	1899/12/30 0:06:20	3	1899/12/30 0:06:20	0	1899/12/30 0:06:20	3
39	1899/12/30 0:06:30	7	1899/12/30 0:06:30	0	1899/12/30 0:06:30	7
40	1899/12/30 0:06:40	9	1899/12/30 0:06:40	0	1899/12/30 0:06:40	9
41	1899/12/30 0:06:50	5	1899/12/30 0:06:50	0	1899/12/30 0:06:50	5
42	1899/12/30 0:07:00	11	1899/12/30 0:07:00	0	1899/12/30 0:07:00	11
43	1899/12/30 0:07:10	7	1899/12/30 0:07:10	0	1899/12/30 0:07:10	7
44	1899/12/30 0:07:20	19	1899/12/30 0:07:20	0	1899/12/30 0:07:20	19
45	1899/12/30 0:07:30	7	1899/12/30 0:07:30	0	1899/12/30 0:07:30	7
46	1899/12/30 0:07:40	7	1899/12/30 0:07:40	0	1899/12/30 0:07:40	7
47	1899/12/30 0:07:50	9	1899/12/30 0:07:50	0	1899/12/30 0:07:50	9
48	1899/12/30 0:08:00	5	1899/12/30 0:08:00	0	1899/12/30 0:08:00	5
49	1899/12/30 0:08:10	7	1899/12/30 0:08:10	0	1899/12/30 0:08:10	7
50	1899/12/30 0:08:20	11	1899/12/30 0:08:20	0	1899/12/30 0:08:20	11
51	1899/12/30 0:08:30	6	1899/12/30 0:08:30	0	1899/12/30 0:08:30	6
52	1899/12/30 0:08:40	1	1899/12/30 0:08:40	0	1899/12/30 0:08:40	1
53	1899/12/30 0:08:50	1	1899/12/30 0:08:50	1	1899/12/30 0:08:50	2
54	1899/12/30 0:09:00	6	1899/12/30 0:09:00	0	1899/12/30 0:09:00	6
55	1899/12/30 0:09:10	2	1899/12/30 0:09:10	3	1899/12/30 0:09:10	5
56	1899/12/30 0:09:20	2	1899/12/30 0:09:20	2	1899/12/30 0:09:20	4
57	1899/12/30 0:09:30	8	1899/12/30 0:09:30	0	1899/12/30 0:09:30	8
58	1899/12/30 0:09:40	0	1899/12/30 0:09:40	1	1899/12/30 0:09:40	1
59	1899/12/30 0:09:50	0	1899/12/30 0:09:50	1	1899/12/30 0:09:50	1
60	1899/12/30 0:10:00	0	1899/12/30 0:10:00	1	1899/12/30 0:10:00	1
61	1899/12/30 0:10:10	0	1899/12/30 0:10:10	3	1899/12/30 0:10:10	3
62	1899/12/30 0:10:20	0	1899/12/30 0:10:20	3	1899/12/30 0:10:20	3
63	1899/12/30 0:10:30	0	1899/12/30 0:10:30	4	1899/12/30 0:10:30	4
64	1899/12/30 0:10:40	0	1899/12/30 0:10:40	2	1899/12/30 0:10:40	2
65	1899/12/30 0:10:50	0	1899/12/30 0:10:50	0	1899/12/30 0:10:50	0
66	1899/12/30 0:11:00	0	1899/12/30 0:11:00	0	1899/12/30 0:11:00	0
67	1899/12/30 0:11:10	1	1899/12/30 0:11:10	0	1899/12/30 0:11:10	1
68	1899/12/30 0:11:20	2	1899/12/30 0:11:20	0	1899/12/30 0:11:20	2
69	1899/12/30 0:11:30	1	1899/12/30 0:11:30	0	1899/12/30 0:11:30	1
70	1899/12/30 0:11:40	1	1899/12/30 0:11:40	0	1899/12/30 0:11:40	1
71	1899/12/30 0:11:50	1	1899/12/30 0:11:50	0	1899/12/30 0:11:50	1
72	1899/12/30 0:12:00	0	1899/12/30 0:12:00	0	1899/12/30 0:12:00	0
73	1899/12/30 0:12:10	0	1899/12/30 0:12:10	0	1899/12/30 0:12:10	0
74	1899/12/30 0:12:20	0	1899/12/30 0:12:20	0	1899/12/30 0:12:20	0
75	1899/12/30 0:12:30	0	1899/12/30 0:12:30	0	1899/12/30 0:12:30	0
76	1899/12/30 0:12:40	0	1899/12/30 0:12:40	0	1899/12/30 0:12:40	0
77	1899/12/30 0:12:50	0	1899/12/30 0:12:50	0	1899/12/30 0:12:50	0
78	1899/12/30 0:13:00	0	1899/12/30 0:13:00	0	1899/12/30 0:13:00	0
79	1899/12/30 0:13:10	2	1899/12/30 0:13:10	0	1899/12/30 0:13:10	2
80	1899/12/30 0:13:20	0	1899/12/30 0:13:20	0	1899/12/30 0:13:20	0
81	1899/12/30 0:13:30	0	1899/12/30 0:13:30	0	1899/12/30 0:13:30	0
82	1899/12/30 0:13:40	3	1899/12/30 0:13:40	0	1899/12/30 0:13:40	3
83	1899/12/30 0:13:50	2	1899/12/30 0:13:50	0	1899/12/30 0:13:50	2
84	1899/12/30 0:14:00	2	1899/12/30 0:14:00	0	1899/12/30 0:14:00	2
85	1899/12/30 0:14:10	2	1899/12/30 0:14:10	0	1899/12/30 0:14:10	2
86	1899/12/30 0:14:20	4	1899/12/30 0:14:20	0	1899/12/30 0:14:20	4
87	1899/12/30 0:14:30	4	1899/12/30 0:14:30	0	1899/12/30 0:14:30	4
88	1899/12/30 0:14:40	5	1899/12/30 0:14:40	0	1899/12/30 0:14:40	5
89	1899/12/30 0:14:50	7	1899/12/30 0:14:50	0	1899/12/30 0:14:50	7
90	1899/12/30 0:15:00	6	1899/12/30 0:15:00	0	1899/12/30 0:15:00	6
91	1899/12/30 0:15:10	7	1899/12/30 0:15:10	0	1899/12/30 0:15:10	7
92	1899/12/30 0:15:20	9	1899/12/30 0:15:20	0	1899/12/30 0:15:20	9
93	1899/12/30 0:15:30	8	1899/12/30 0:15:30	0	1899/12/30 0:15:30	8
94	1899/12/30 0:15:40	5	1899/12/30 0:15:40	0	1899/12/30 0:15:40	5
95	1899/12/30 0:15:50	6	1899/12/30 0:15:50	0	1899/12/30 0:15:50	6
96	1899/12/30 0:16:00	5	1899/12/30 0:16:00	0	1899/12/30 0:16:00	5
97	1899/12/30 0:16:10	6	1899/12/30 0:16:10	0	1899/12/30 0:16:10	6
98	1899/12/30 0:16:20	5	1899/12/30 0:16:20	0	1899/12/30 0:16:20	5
99	1899/12/30 0:16:30	5	1899/12/30 0:16:30	0	1899/12/30 0:16:30	5
100	1899/12/30 0:16:40	3	1899/12/30 0:16:40	0	1899/12/30 0:16:40	3
101	1899/12/30 0:16:50	4	1899/12/30 0:16:50	0	1899/12/30 0:16:50	4
102	1899/12/30 0:17:00	7	1899/12/30 0:17:00	0	1899/12/30 0:17:00	7
103	1899/12/30 0:17:10	11	1899/12/30 0:17:10	0	1899/12/30 0:17:10	11
104	1899/12/30 0:17:20	9	1899/12/30 0:17:20	0	1899/12/30 0:17:20	9
105	1899/12/30 0:17:30	7	1899/12/30 0:17:30	0	1899/12/30 0:17:30	7
106	1899/12/30 0:17:40	8	1899/12/30 0:17:40	0	1899/12/30 0:17:40	8
107	1899/12/30 0:17:50	10	1899/12/30 0:17:50	0	1899/12/30 0:17:50	10
108	1899/12/30 0:18:00	5	1899/12/30 0:18:00	0	1899/12/30 0:18:00	5
109	1899/12/30 0:18:10	8	1899/12/30 0:18:10	0	1899/12/30 0:18:10	8
110	1899/12/30 0:18:20	4	1899/12/30 0:18:20	0	1899/12/30 0:18:20	4
111	1899/12/30 0:18:30	5	1899/12/30 0:18:30	0	1899/12/30 0:18:30	5
112	1899/12/30 0:18:40	9	1899/12/30 0:18:40	0	1899/12/30 0:18:40	9
113	1899/12/30 0:18:50	7	1899/12/30 0:18:50	0	1899/12/30 0:18:50	7
114	1899/12/30 0:19:00	3	1899/12/30 0:19:00	0	1899/12/30 0:19:00	3
115	1899/12/30 0:19:10	8	1899/12/30 0:19:10	0	1899/12/30 0:19:10	8
116	1899/12/30 0:19:20	11	1899/12/30 0:19:20	0	1899/12/30 0:19:20	11
117	1899/12/30 0:19:30	7	1899/12/30 0:19:30	0	1899/12/30 0:19:30	7
118	1899/12/30 0:19:40	4	1899/12/30 0:19:40	2	1899/12/30 0:19:40	6
119	1899/12/30 0:19:50	3	1899/12/30 0:19:50	5	1899/12/30 0:19:50	8
120	1899/12/30 0:20:00	1	1899/12/30 0:20:00	14	1899/12/30 0:20:00	15
121	1899/12/30 0:20:10	0	1899/12/30 0:20:10	6	1899/12/30 0:20:10	6
122	1899/12/30 0:20:20	0	1899/12/30 0:20:20	1	1899/12/30 0:20:20	1
123	1899/12/30 0:20:30	0	1899/12/30 0:20:30	3	1899/12/30 0:20:30	3
124	1899/12/30 0:20:40	0	1899/12/30 0:20:40	7	1899/12/30 0:20:40	7
125	1899/12/30 0:20:50	0	1899/12/30 0:20:50	6	1899/12/30 0:20:50	6
126	1899/12/30 0:21:00	0	1899/12/30 0:21:00	9	1899/12/30 0:21:00	9
127	1899/12/30 0:21:10	0	1899/12/30 0:21:10	30	1899/12/30 0:21:10	30
128	1899/12/30 0:21:20	0	1899/12/30 0:21:20	18	1899/12/30 0:21:20	18
129	1899/12/30 0:21:30	0	1899/12/30 0:21:30	16	1899/12/30 0:21:30	16
130	1899/12/30 0:21:40	0	1899/12/30 0:21:40	0	1899/12/30 0:21:40	0
131	1899/12/30 0:21:50	3	1899/12/30 0:21:50	0	1899/12/30 0:21:50	3
132	1899/12/30 0:22:00	1	1899/12/30 0:22:00	0	1899/12/30 0:22:00	1
133	1899/12/30 0:22:10	3	1899/12/30 0:22:10	0	1899/12/30 0:22:10	3
134	1899/12/30 0:22:20	0	1899/12/30 0:22:20	0	1899/12/30 0:22:20	0
135	1899/12/30 0:22:30	1	1899/12/30 0:22:30	0	1899/12/30 0:22:30	1
136	1899/12/30 0:22:40	2	1899/12/30 0:22:40	0	1899/12/30 0:22:40	2
137	1899/12/30 0:22:50	2	1899/12/30 0:22:50	0	1899/12/30 0:22:50	2
138	1899/12/30 0:23:00	2	1899/12/30 0:23:00	0	1899/12/30 0:23:00	2
139	1899/12/30 0:23:10	4	1899/12/30 0:23:10	0	1899/12/30 0:23:10	4
140	1899/12/30 0:23:20	6	1899/12/30 0:23:20	0	1899/12/30 0:23:20	6
141	1899/12/30 0:23:30	7	1899/12/30 0:23:30	0	1899/12/30 0:23:30	7
142	1899/12/30 0:23:40	5	1899/12/30 0:23:40	0	1899/12/30 0:23:40	5
143	1899/12/30 0:23:50	8	1899/12/30 0:23:50	0	1899/12/30 0:23:50	8
144	1899/12/30 0:24:00	10	1899/12/30 0:24:00	0	1899/12/30 0:24:00	10
145	1899/12/30 0:24:10	6	1899/12/30 0:24:10	0	1899/12/30 0:24:10	6
146	1899/12/30 0:24:20	9	1899/12/30 0:24:20	0	1899/12/30 0:24:20	9
147	1899/12/30 0:24:30	4	1899/12/30 0:24:30	0	1899/12/30 0:24:30	4
148	1899/12/30 0:24:40	5	1899/12/30 0:24:40	0	1899/12/30 0:24:40	5
149	1899/12/30 0:24:50	6	1899/12/30 0:24:50	0	1899/12/30 0:24:50	6
150	1899/12/30 0:25:00	12	1899/12/30 0:25:00	0	1899/12/30 0:25:00	12
151	1899/12/30 0:25:10	11	1899/12/30 0:25:10	0	1899/12/30 0:25:10	11
152	1899/12/30 0:25:20	10	1899/12/30 0:25:20	0	1899/12/30 0:25:20	10
153	1899/12/30 0:25:30	13	1899/12/30 0:25:30	0	1899/12/30 0:25:30	13
154	1899/12/30 0:25:40	10	1899/12/30 0:25:40	0	1899/12/30 0:25:40	10
155	1899/12/30 0:25:50	12	1899/12/30 0:25:50	0	1899/12/30 0:25:50	12
156	1899/12/30 0:26:00	6	1899/12/30 0:26:00	0	1899/12/30 0:26:00	6
157	1899/12/30 0:26:10	9	1899/12/30 0:26:10	0	1899/12/30 0:26:10	9
158	1899/12/30 0:26:20	5	1899/12/30 0:26:20	0	1899/12/30 0:26:20	5
159	1899/12/30 0:26:30	10	1899/12/30 0:26:30	0	1899/12/30 0:26:30	10
160	1899/12/30 0:26:40	4	1899/12/30 0:26:40	0	1899/12/30 0:26:40	4
161	1899/12/30 0:26:50	11	1899/12/30 0:26:50	0	1899/12/30 0:26:50	11
162	1899/12/30 0:27:00	5	1899/12/30 0:27:00	0	1899/12/30 0:27:00	5
163	1899/12/30 0:27:10	5	1899/12/30 0:27:10	0	1899/12/30 0:27:10	5
164	1899/12/30 0:27:20	7	1899/12/30 0:27:20	0	1899/12/30 0:27:20	7
165	1899/12/30 0:27:30	6	1899/12/30 0:27:30	0	1899/12/30 0:27:30	6
166	1899/12/30 0:27:40	4	1899/12/30 0:27:40	0	1899/12/30 0:27:40	4
167	1899/12/30 0:27:50	7	1899/12/30 0:27:50	0	1899/12/30 0:27:50	7
168	1899/12/30 0:28:00	7	1899/12/30 0:28:00	0	1899/12/30 0:28:00	7
169	1899/12/30 0:28:10	4	1899/12/30 0:28:10	0	1899/12/30 0:28:10	4
170	1899/12/30 0:28:20	0	1899/12/30 0:28:20	0	1899/12/30 0:28:20	0
171	1899/12/30 0:28:30	0	1899/12/30 0:28:30	0	1899/12/30 0:28:30	0
172	1899/12/30 0:28:40	0	1899/12/30 0:28:40	0	1899/12/30 0:28:40	0
173	1899/12/30 0:28:50	1	1899/12/30 0:28:50	0	1899/12/30 0:28:50	1
174	1899/12/30 0:29:00	1	1899/12/30 0:29:00	0	1899/12/30 0:29:00	1
175	1899/12/30 0:29:10	0	1899/12/30 0:29:10	0	1899/12/30 0:29:10	0
176	1899/12/30 0:29:20	1	1899/12/30 0:29:20	0	1899/12/30 0:29:20	1
177	1899/12/30 0:29:30	1	1899/12/30 0:29:30	0	1899/12/30 0:29:30	1
178	1899/12/30 0:29:40	0	1899/12/30 0:29:40	0	1899/12/30 0:29:40	0
179	1899/12/30 0:29:50	0	1899/12/30 0:29:50	0	1899/12/30 0:29:50	0
180	1899/12/30 0:30:00	1	1899/12/30 0:30:00	0	1899/12/30 0:30:00	1
181	1899/12/30 0:30:10	0	1899/12/30 0:30:10	0	1899/12/30 0:30:10	0
182	1899/12/30 0:30:20	1	1899/12/30 0:30:20	0	1899/12/30 0:30:20	1
183	1899/12/30 0:30:30	0	1899/12/30 0:30:30	0	1899/12/30 0:30:30	0
184	1899/12/30 0:30:40	0	1899/12/30 0:30:40	0	1899/12/30 0:30:40	0
185	1899/12/30 0:30:50	0	1899/12/30 0:30:50	0	1899/12/30 0:30:50	0
186	1899/12/30 0:31:00	1	1899/12/30 0:31:00	0	1899/12/30 0:31:00	1
187	1899/12/30 0:31:10	1	1899/12/30 0:31:10	0	1899/12/30 0:31:10	1
188	1899/12/30 0:31:20	3	1899/12/30 0:31:20	0	1899/12/30 0:31:20	3
189	1899/12/30 0:31:30	3	1899/12/30 0:31:30	0	1899/12/30 0:31:30	3
190	1899/12/30 0:31:40	8	1899/12/30 0:31:40	5	1899/12/30 0:31:40	13
191	1899/12/30 0:31:50	2	1899/12/30 0:31:50	4	1899/12/30 0:31:50	6
192	1899/12/30 0:32:00	11	1899/12/30 0:32:00	4	1899/12/30 0:32:00	15
193	1899/12/30 0:32:10	6	1899/12/30 0:32:10	6	1899/12/30 0:32:10	12
194	1899/12/30 0:32:20	5	1899/12/30 0:32:20	4	1899/12/30 0:32:20	9
195	1899/12/30 0:32:30	2	1899/12/30 0:32:30	3	1899/12/30 0:32:30	5
196	1899/12/30 0:32:40	3	1899/12/30 0:32:40	1	1899/12/30 0:32:40	4
197	1899/12/30 0:32:50	6	1899/12/30 0:32:50	3	1899/12/30 0:32:50	9
198	1899/12/30 0:33:00	4	1899/12/30 0:33:00	6	1899/12/30 0:33:00	10
199	1899/12/30 0:33:10	10	1899/12/30 0:33:10	3	1899/12/30 0:33:10	13
200	1899/12/30 0:33:20	8	1899/12/30 0:33:20	2	1899/12/30 0:33:20	10
201	1899/12/30 0:33:30	10	1899/12/30 0:33:30	1	1899/12/30 0:33:30	11
202	1899/12/30 0:33:40	8	1899/12/30 0:33:40	0	1899/12/30 0:33:40	8
203	1899/12/30 0:33:50	1	1899/12/30 0:33:50	0	1899/12/30 0:33:50	1
204	1899/12/30 0:34:00	6	1899/12/30 0:34:00	0	1899/12/30 0:34:00	6
205	1899/12/30 0:34:10	1	1899/12/30 0:34:10	0	1899/12/30 0:34:10	1
206	1899/12/30 0:34:20	11	1899/12/30 0:34:20	0	1899/12/30 0:34:20	11
207	1899/12/30 0:34:30	4	1899/12/30 0:34:30	0	1899/12/30 0:34:30	4
208	1899/12/30 0:34:40	5	1899/12/30 0:34:40	0	1899/12/30 0:34:40	5
209	1899/12/30 0:34:50	4	1899/12/30 0:34:50	0	1899/12/30 0:34:50	4
210	1899/12/30 0:35:00	2	1899/12/30 0:35:00	0	1899/12/30 0:35:00	2
211	1899/12/30 0:35:10	7	1899/12/30 0:35:10	0	1899/12/30 0:35:10	7
212	1899/12/30 0:35:20	8	1899/12/30 0:35:20	0	1899/12/30 0:35:20	8
213	1899/12/30 0:35:30	7	1899/12/30 0:35:30	0	1899/12/30 0:35:30	7
214	1899/12/30 0:35:40	9	1899/12/30 0:35:40	0	1899/12/30 0:35:40	9
215	1899/12/30 0:35:50	12	1899/12/30 0:35:50	0	1899/12/30 0:35:50	12
216	1899/12/30 0:36:00	9	1899/12/30 0:36:00	0	1899/12/30 0:36:00	9
217	1899/12/30 0:36:10	10	1899/12/30 0:36:10	0	1899/12/30 0:36:10	10
218	1899/12/30 0:36:20	5	1899/12/30 0:36:20	0	1899/12/30 0:36:20	5
219	1899/12/30 0:36:30	5	1899/12/30 0:36:30	0	1899/12/30 0:36:30	5
220	1899/12/30 0:36:40	5	1899/12/30 0:36:40	0	1899/12/30 0:36:40	5
221	1899/12/30 0:36:50	2	1899/12/30 0:36:50	0	1899/12/30 0:36:50	2
222	1899/12/30 0:37:00	3	1899/12/30 0:37:00	0	1899/12/30 0:37:00	3
223	1899/12/30 0:37:10	1	1899/12/30 0:37:10	0	1899/12/30 0:37:10	1
224	1899/12/30 0:37:20	2	1899/12/30 0:37:20	0	1899/12/30 0:37:20	2
225	1899/12/30 0:37:30	2	1899/12/30 0:37:30	0	1899/12/30 0:37:30	2
226	1899/12/30 0:37:40	0	1899/12/30 0:37:40	0	1899/12/30 0:37:40	0
227	1899/12/30 0:37:50	1	1899/12/30 0:37:50	0	1899/12/30 0:37:50	1
228	1899/12/30 0:38:00	1	1899/12/30 0:38:00	0	1899/12/30 0:38:00	1
229	1899/12/30 0:38:10	2	1899/12/30 0:38:10	0	1899/12/30 0:38:10	2
230	1899/12/30 0:38:20	1	1899/12/30 0:38:20	0	1899/12/30 0:38:20	1
231	1899/12/30 0:38:30	1	1899/12/30 0:38:30	0	1899/12/30 0:38:30	1
232	1899/12/30 0:38:40	0	1899/12/30 0:38:40	0	1899/12/30 0:38:40	0
233	1899/12/30 0:38:50	0	1899/12/30 0:38:50	0	1899/12/30 0:38:50	0
234	1899/12/30 0:39:00	0	1899/12/30 0:39:00	0	1899/12/30 0:39:00	0
235	1899/12/30 0:39:10	0	1899/12/30 0:39:10	0	1899/12/30 0:39:10	0
236	1899/12/30 0:39:20	0	1899/12/30 0:39:20	0	1899/12/30 0:39:20	0
237	1899/12/30 0:39:30	0	1899/12/30 0:39:30	0	1899/12/30 0:39:30	0
238	1899/12/30 0:39:40	0	1899/12/30 0:39:40	0	1899/12/30 0:39:40	0
239	1899/12/30 0:39:50	0	1899/12/30 0:39:50	0	1899/12/30 0:39:50	0
240	1899/12/30 0:40:00	0	1899/12/30 0:40:00	0	1899/12/30 0:40:00	0
241	1899/12/30 0:40:10	0	1899/12/30 0:40:10	0	1899/12/30 0:40:10	0
242	1899/12/30 0:40:20	0	1899/12/30 0:40:20	0	1899/12/30 0:40:20	0
243	1899/12/30 0:40:30	0	1899/12/30 0:40:30	0	1899/12/30 0:40:30	0
244	1899/12/30 0:40:40	0	1899/12/30 0:40:40	0	1899/12/30 0:40:40	0
245	1899/12/30 0:40:50	0	1899/12/30 0:40:50	0	1899/12/30 0:40:50	0
246	1899/12/30 0:41:00	1	1899/12/30 0:41:00	0	1899/12/30 0:41:00	1
247	1899/12/30 0:41:10	0	1899/12/30 0:41:10	0	1899/12/30 0:41:10	0
248	1899/12/30 0:41:20	1	1899/12/30 0:41:20	0	1899/12/30 0:41:20	1
249	1899/12/30 0:41:30	0	1899/12/30 0:41:30	0	1899/12/30 0:41:30	0
250	1899/12/30 0:41:40	2	1899/12/30 0:41:40	0	1899/12/30 0:41:40	2
251	1899/12/30 0:41:50	5	1899/12/30 0:41:50	0	1899/12/30 0:41:50	5
252	1899/12/30 0:42:00	6	1899/12/30 0:42:00	0	1899/12/30 0:42:00	6
253	1899/12/30 0:42:10	6	1899/12/30 0:42:10	0	1899/12/30 0:42:10	6
254	1899/12/30 0:42:20	9	1899/12/30 0:42:20	0	1899/12/30 0:42:20	9
255	1899/12/30 0:42:30	10	1899/12/30 0:42:30	0	1899/12/30 0:42:30	10
256	1899/12/30 0:42:40	13	1899/12/30 0:42:40	0	1899/12/30 0:42:40	13
257	1899/12/30 0:42:50	12	1899/12/30 0:42:50	0	1899/12/30 0:42:50	12
258	1899/12/30 0:43:00	8	1899/12/30 0:43:00	0	1899/12/30 0:43:00	8
259	1899/12/30 0:43:10	9	1899/12/30 0:43:10	0	1899/12/30 0:43:10	9
260	1899/12/30 0:43:20	11	1899/12/30 0:43:20	0	1899/12/30 0:43:20	11
261	1899/12/30 0:43:30	8	1899/12/30 0:43:30	0	1899/12/30 0:43:30	8
262	1899/12/30 0:43:40	16	1899/12/30 0:43:40	0	1899/12/30 0:43:40	16
263	1899/12/30 0:43:50	11	1899/12/30 0:43:50	3	1899/12/30 0:43:50	14
264	1899/12/30 0:44:00	14	1899/12/30 0:44:00	0	1899/12/30 0:44:00	14
265	1899/12/30 0:44:10	11	1899/12/30 0:44:10	1	1899/12/30 0:44:10	12
266	1899/12/30 0:44:20	9	1899/12/30 0:44:20	1	1899/12/30 0:44:20	10
267	1899/12/30 0:44:30	13	1899/12/30 0:44:30	1	1899/12/30 0:44:30	14
268	1899/12/30 0:44:40	12	1899/12/30 0:44:40	2	1899/12/30 0:44:40	14
269	1899/12/30 0:44:50	14	1899/12/30 0:44:50	7	1899/12/30 0:44:50	21
270	1899/12/30 0:45:00	10	1899/12/30 0:45:00	9	1899/12/30 0:45:00	19
271	1899/12/30 0:45:10	0	1899/12/30 0:45:10	11	1899/12/30 0:45:10	11
272	1899/12/30 0:45:20	1	1899/12/30 0:45:20	9	1899/12/30 0:45:20	10
273	1899/12/30 0:45:30	1	1899/12/30 0:45:30	11	1899/12/30 0:45:30	12
274	1899/12/30 0:45:40	1	1899/12/30 0:45:40	18	1899/12/30 0:45:40	19
275	1899/12/30 0:45:50	1	1899/12/30 0:45:50	12	1899/12/30 0:45:50	13
276	1899/12/30 0:46:00	0	1899/12/30 0:46:00	10	1899/12/30 0:46:00	10
277	1899/12/30 0:46:10	1	1899/12/30 0:46:10	12	1899/12/30 0:46:10	13
278	1899/12/30 0:46:20	0	1899/12/30 0:46:20	12	1899/12/30 0:46:20	12
279	1899/12/30 0:46:30	0	1899/12/30 0:46:30	12	1899/12/30 0:46:30	12
280	1899/12/30 0:46:40	0	1899/12/30 0:46:40	11	1899/12/30 0:46:40	11
281	1899/12/30 0:46:50	0	1899/12/30 0:46:50	5	1899/12/30 0:46:50	5
282	1899/12/30 0:47:00	1	1899/12/30 0:47:00	3	1899/12/30 0:47:00	4
283	1899/12/30 0:47:10	0	1899/12/30 0:47:10	1	1899/12/30 0:47:10	1
284	1899/12/30 0:47:20	1	1899/12/30 0:47:20	0	1899/12/30 0:47:20	1
285	1899/12/30 0:47:30	2	1899/12/30 0:47:30	0	1899/12/30 0:47:30	2
286	1899/12/30 0:47:40	2	1899/12/30 0:47:40	0	1899/12/30 0:47:40	2
287	1899/12/30 0:47:50	1	1899/12/30 0:47:50	0	1899/12/30 0:47:50	1
288	1899/12/30 0:48:00	2	1899/12/30 0:48:00	0	1899/12/30 0:48:00	2
289	1899/12/30 0:48:10	4	1899/12/30 0:48:10	0	1899/12/30 0:48:10	4
290	1899/12/30 0:48:20	1	1899/12/30 0:48:20	1	1899/12/30 0:48:20	2
291	1899/12/30 0:48:30	1	1899/12/30 0:48:30	10	1899/12/30 0:48:30	11
292	1899/12/30 0:48:40	0	1899/12/30 0:48:40	6	1899/12/30 0:48:40	6
293	1899/12/30 0:48:50	0	1899/12/30 0:48:50	11	1899/12/30 0:48:50	11
294	1899/12/30 0:49:00	0	1899/12/30 0:49:00	26	1899/12/30 0:49:00	26
295	1899/12/30 0:49:10	0	1899/12/30 0:49:10	30	1899/12/30 0:49:10	30
296	1899/12/30 0:49:20	0	1899/12/30 0:49:20	35	1899/12/30 0:49:20	35
297	1899/12/30 0:49:30	0	1899/12/30 0:49:30	22	1899/12/30 0:49:30	22
298	1899/12/30 0:49:40	0	1899/12/30 0:49:40	14	1899/12/30 0:49:40	14
299	1899/12/30 0:49:50	0	1899/12/30 0:49:50	7	1899/12/30 0:49:50	7
300	1899/12/30 0:50:00	0	1899/12/30 0:50:00	9	1899/12/30 0:50:00	9
301	1899/12/30 0:50:10	0	1899/12/30 0:50:10	6	1899/12/30 0:50:10	6
302	1899/12/30 0:50:20	0	1899/12/30 0:50:20	16	1899/12/30 0:50:20	16
303	1899/12/30 0:50:30	0	1899/12/30 0:50:30	9	1899/12/30 0:50:30	9
304	1899/12/30 0:50:40	0	1899/12/30 0:50:40	0	1899/12/30 0:50:40	0
305	1899/12/30 0:50:50	0	1899/12/30 0:50:50	0	1899/12/30 0:50:50	0
306	1899/12/30 0:51:00	0	1899/12/30 0:51:00	0	1899/12/30 0:51:00	0
307	1899/12/30 0:51:10	1	1899/12/30 0:51:10	0	1899/12/30 0:51:10	1
308	1899/12/30 0:51:20	0	1899/12/30 0:51:20	0	1899/12/30 0:51:20	0
309	1899/12/30 0:51:30	1	1899/12/30 0:51:30	0	1899/12/30 0:51:30	1
310	1899/12/30 0:51:40	0	1899/12/30 0:51:40	0	1899/12/30 0:51:40	0
311	1899/12/30 0:51:50	0	1899/12/30 0:51:50	0	1899/12/30 0:51:50	0
312	1899/12/30 0:52:00	0	1899/12/30 0:52:00	0	1899/12/30 0:52:00	0
313	1899/12/30 0:52:10	0	1899/12/30 0:52:10	0	1899/12/30 0:52:10	0
314	1899/12/30 0:52:20	0	1899/12/30 0:52:20	0	1899/12/30 0:52:20	0
315	1899/12/30 0:52:30	0	1899/12/30 0:52:30	0	1899/12/30 0:52:30	0
316	1899/12/30 0:52:40	0	1899/12/30 0:52:40	0	1899/12/30 0:52:40	0
317	1899/12/30 0:52:50	0	1899/12/30 0:52:50	0	1899/12/30 0:52:50	0
318	1899/12/30 0:53:00	1	1899/12/30 0:53:00	0	1899/12/30 0:53:00	1
319	1899/12/30 0:53:10	0	1899/12/30 0:53:10	0	1899/12/30 0:53:10	0
320	1899/12/30 0:53:20	1	1899/12/30 0:53:20	0	1899/12/30 0:53:20	1
321	1899/12/30 0:53:30	1	1899/12/30 0:53:30	0	1899/12/30 0:53:30	1
322	1899/12/30 0:53:40	1	1899/12/30 0:53:40	0	1899/12/30 0:53:40	1
323	1899/12/30 0:53:50	0	1899/12/30 0:53:50	0	1899/12/30 0:53:50	0
324	1899/12/30 0:54:00	0	1899/12/30 0:54:00	0	1899/12/30 0:54:00	0
325	1899/12/30 0:54:10	0	1899/12/30 0:54:10	0	1899/12/30 0:54:10	0
326	1899/12/30 0:54:20	0	1899/12/30 0:54:20	0	1899/12/30 0:54:20	0
327	1899/12/30 0:54:30	0	1899/12/30 0:54:30	0	1899/12/30 0:54:30	0
328	1899/12/30 0:54:40	0	1899/12/30 0:54:40	0	1899/12/30 0:54:40	0
329	1899/12/30 0:54:50	0	1899/12/30 0:54:50	0	1899/12/30 0:54:50	0
330	1899/12/30 0:55:00	0	1899/12/30 0:55:00	0	1899/12/30 0:55:00	0

